Camera matrix :  [[773.22793313   0.         500.14265415]
 [  0.         773.07369695 376.44294853]
 [  0.           0.           1.        ]]
dist :  [[ 0.2456982  -1.21833468 -0.00690554 -0.00323354  1.96176222]]
rvecs :  (array([[-0.43411136],
       [-0.35220425],
       [-1.47405856]]), array([[-0.54539997],
       [-0.50574996],
       [-1.44980901]]), array([[-0.32201387],
       [-0.17763695],
       [-1.16812022]]), array([[-0.21575849],
       [ 0.19167497],
       [ 1.56104177]]), array([[-0.14884841],
       [ 0.12172024],
       [-1.52777035]]), array([[0.13740567],
       [0.15094488],
       [1.44664772]]), array([[-0.13374096],
       [ 0.09610866],
       [-1.40050236]]), array([[ 0.00665017],
       [-0.08359455],
       [-1.30898383]]), array([[-0.3261647 ],
       [-0.01856527],
       [ 1.60185411]]), array([[-0.09473221],
       [-0.41948724],
       [-1.53255375]]), array([[-0.3814887 ],
       [-0.35580449],
       [-1.49737957]]), array([[-0.46336483],
       [ 0.03426929],
       [ 1.55249378]]), array([[-0.28745169],
       [-0.37877064],
       [ 1.59477992]]), array([[-0.45061702],
       [-0.07128438],
       [ 1.46419686]]), array([[-0.09986233],
       [-0.1912225 ],
       [-1.54638909]]), array([[-0.535616  ],
       [-0.31033478],
       [-1.2798122 ]]), array([[-0.63164342],
       [ 0.06230506],
       [ 1.36645713]]), array([[-0.60022756],
       [-0.35988258],
       [-1.14396788]]), array([[-0.49410893],
       [-0.27761413],
       [-0.84696855]]), array([[-0.56252871],
       [-0.27888315],
       [-0.60346179]]), array([[-0.43602601],
       [-0.2551561 ],
       [-0.67411271]]))
tvecs :  (array([[-8.51668476],
       [ 4.40201833],
       [29.53518974]]), array([[-8.22929697],
       [ 3.8880252 ],
       [24.13946095]]), array([[-13.00969895],
       [  3.29551133],
       [ 32.03306416]]), array([[ 7.66732602],
       [-4.16940559],
       [33.00473597]]), array([[-9.75107271],
       [ 9.57679148],
       [33.20877663]]), array([[ 4.44503989],
       [-2.97545036],
       [30.53540851]]), array([[-8.6344477 ],
       [ 7.93831509],
       [33.02501601]]), array([[-7.07506416],
       [ 9.33949628],
       [30.25663536]]), array([[14.63294226],
       [-0.61149441],
       [36.02414066]]), array([[-1.87180302],
       [ 5.92907199],
       [30.85820442]]), array([[-5.87564134],
       [ 4.42564488],
       [33.01816171]]), array([[13.69311587],
       [-3.07424195],
       [37.32347018]]), array([[13.18310455],
       [-3.39173443],
       [30.81392528]]), array([[11.2074915 ],
       [-6.4447824 ],
       [34.31823225]]), array([[-7.29417495],
       [ 8.21001515],
       [30.68100256]]), array([[-10.16270113],
       [  2.0250043 ],
       [ 28.53629595]]), array([[10.38970964],
       [-9.10274727],
       [33.91338495]]), array([[-12.35001914],
       [  0.25981792],
       [ 29.19044381]]), array([[-14.9175604 ],
       [ -4.71246454],
       [ 30.90437909]]), array([[-13.42487957],
       [ -6.43079063],
       [ 32.70083582]]), array([[-14.1476196 ],
       [ -5.0323389 ],
       [ 33.11919712]]))
total error: 0.04117246519811703